Frequency (Hz)	Level (dB)
21.533203	-56.529198
43.066406	-52.188511
64.599609	-54.291206
86.132812	-69.685165
107.666016	-72.906868
129.199219	-79.416855
150.732422	-81.655197
172.265625	-82.038925
193.798828	-77.133736
215.332031	-70.001228
236.865234	-71.453384
258.398438	-72.084045
279.931641	-68.976646
301.464844	-63.621712
322.998047	-58.229733
344.531250	-52.898411
366.064453	-48.705536
387.597656	-40.828259
409.130859	-23.217188
430.664062	-10.602880
452.197266	-11.354207
473.730469	-26.666494
495.263672	-42.284611
516.796875	-50.340282
538.330078	-54.380077
559.863281	-56.834740
581.396484	-57.545815
602.929688	-59.097630
624.462891	-59.773716
645.996094	-58.208870
667.529297	-57.571629
689.062500	-58.540302
710.595703	-59.952785
732.128906	-61.072170
753.662109	-60.341984
775.195312	-58.806614
796.728516	-57.303417
818.261719	-54.054363
839.794922	-43.317764
861.328125	-17.583345
882.861328	-13.225699
904.394531	-20.980642
925.927734	-46.273804
947.460938	-52.658512
968.994141	-55.351768
990.527344	-58.178425
1012.060547	-59.951912
1033.593750	-62.051609
1055.126953	-63.405102
1076.660156	-63.086273
1098.193359	-61.786293
1119.726562	-62.878105
1141.259766	-65.250862
1162.792969	-65.532837
1184.326172	-65.432793
1205.859375	-64.561172
1227.392578	-61.008324
1248.925781	-59.290558
1270.458984	-52.230415
1291.992188	-32.376156
1313.525391	-22.057491
1335.058594	-24.338293
1356.591797	-42.869873
1378.125000	-55.216331
1399.658203	-60.180882
1421.191406	-62.848843
1442.724609	-67.708870
1464.257812	-68.413429
1485.791016	-73.112007
1507.324219	-74.553207
1528.857422	-70.246201
1550.390625	-69.731384
1571.923828	-74.723938
1593.457031	-76.752014
1614.990234	-77.092186
1636.523438	-76.747368
1658.056641	-72.400314
1679.589844	-69.702827
1701.123047	-68.406181
1722.656250	-58.660397
1744.189453	-39.233826
1765.722656	-36.490147
1787.255859	-46.157791
1808.789062	-66.116264
1830.322266	-71.553505
1851.855469	-74.147987
1873.388672	-75.088043
1894.921875	-77.956772
1916.455078	-77.788033
1937.988281	-78.636520
1959.521484	-74.496590
1981.054688	-71.025322
2002.587891	-71.929764
2024.121094	-72.495728
2045.654297	-71.439384
2067.187500	-68.171104
2088.720703	-65.795822
2110.253906	-66.245438
2131.787109	-68.523979
2153.320312	-61.544189
2174.853516	-42.859303
2196.386719	-34.587891
2217.919922	-38.411091
2239.453125	-59.904133
2260.986328	-68.844643
2282.519531	-70.441765
2304.052734	-72.257370
2325.585938	-72.765900
2347.119141	-73.210693
2368.652344	-75.971649
2390.185547	-76.052460
2411.718750	-71.508041
2433.251953	-71.415382
2454.785156	-74.055389
2476.318359	-72.523598
2497.851562	-73.453308
2519.384766	-71.980392
2540.917969	-70.211494
2562.451172	-68.497910
2583.984375	-67.037018
2605.517578	-59.362553
2627.050781	-43.410522
2648.583984	-42.065296
2670.117188	-53.583298
2691.650391	-68.800552
2713.183594	-71.275551
2734.716797	-70.077919
2756.250000	-74.015350
2777.783203	-74.066605
2799.316406	-76.386055
2820.849609	-76.348732
2842.382812	-72.933823
2863.916016	-70.379578
2885.449219	-75.421776
2906.982422	-77.956360
2928.515625	-78.577934
2950.048828	-78.141396
2971.582031	-76.312119
2993.115234	-74.578453
3014.648438	-73.908188
3036.181641	-71.621086
3057.714844	-53.318794
3079.248047	-46.747494
3100.781250	-52.083168
3122.314453	-72.498192
3143.847656	-73.164581
3165.380859	-71.811996
3186.914062	-72.594063
3208.447266	-75.876404
3229.980469	-74.342751
3251.513672	-75.518143
3273.046875	-75.254227
3294.580078	-71.872528
3316.113281	-74.143677
3337.646484	-77.701515
3359.179688	-79.306450
3380.712891	-79.635765
3402.246094	-79.004967
3423.779297	-77.107216
3445.312500	-78.093002
3466.845703	-76.558586
3488.378906	-63.963375
3509.912109	-51.097298
3531.445312	-51.380062
3552.978516	-65.589027
3574.511719	-79.061386
3596.044922	-79.788239
3617.578125	-80.962601
3639.111328	-83.718880
3660.644531	-84.334427
3682.177734	-83.271751
3703.710938	-86.090363
3725.244141	-83.245911
3746.777344	-82.727592
3768.310547	-87.026009
3789.843750	-88.503960
3811.376953	-88.327705
3832.910156	-85.951607
3854.443359	-87.073784
3875.976562	-87.849503
3897.509766	-86.108078
3919.042969	-83.386314
3940.576172	-64.008911
3962.109375	-59.145477
3983.642578	-66.253616
4005.175781	-87.892342
4026.708984	-90.351189
4048.242188	-87.731003
4069.775391	-88.607704
4091.308594	-90.801590
4112.841797	-90.426102
4134.375000	-90.799034
4155.908203	-89.873932
4177.441406	-88.632378
4198.974609	-91.369789
4220.507812	-95.445740
4242.041016	-96.115784
4263.574219	-94.756264
4285.107422	-91.680595
4306.640625	-90.787483
4328.173828	-91.685196
4349.707031	-87.014320
4371.240234	-72.276527
4392.773438	-61.420425
4414.306641	-63.146683
4435.839844	-79.720612
4457.373047	-90.745087
4478.906250	-92.011917
4500.439453	-91.811768
4521.972656	-94.701492
4543.505859	-97.800629
4565.039062	-97.732979
4586.572266	-97.725861
4608.105469	-95.094963
4629.638672	-94.881844
4651.171875	-97.892975
4672.705078	-99.327744
4694.238281	-98.204651
4715.771484	-98.830963
4737.304688	-97.831352
4758.837891	-95.825737
4780.371094	-95.719139
4801.904297	-94.448326
4823.437500	-78.221634
4844.970703	-74.972244
4866.503906	-83.714890
4888.037109	-97.098900
4909.570312	-98.759079
4931.103516	-97.824692
4952.636719	-98.973671
4974.169922	-100.026192
4995.703125	-99.470833
5017.236328	-99.971336
5038.769531	-99.926514
5060.302734	-99.230537
5081.835938	-99.950066
5103.369141	-100.382332
5124.902344	-100.202652
5146.435547	-99.577957
5167.968750	-99.260017
5189.501953	-99.775528
5211.035156	-99.275925
5232.568359	-95.381630
5254.101562	-80.328072
5275.634766	-71.507179
5297.167969	-74.766197
5318.701172	-93.106750
5340.234375	-98.344826
5361.767578	-98.829338
5383.300781	-99.271767
5404.833984	-99.802917
5426.367188	-99.411835
5447.900391	-97.791969
5469.433594	-97.892311
5490.966797	-95.860703
5512.500000	-96.437050
5534.033203	-99.065285
5555.566406	-99.256493
5577.099609	-98.338898
5598.632812	-99.749908
5620.166016	-98.119209
5641.699219	-96.272156
5663.232422	-95.354462
5684.765625	-89.041985
5706.298828	-72.839981
5727.832031	-71.057152
5749.365234	-81.928116
5770.898438	-97.219543
5792.431641	-100.216316
5813.964844	-100.187279
5835.498047	-100.261490
5857.031250	-100.953232
5878.564453	-100.794258
5900.097656	-100.681816
5921.630859	-100.378036
5943.164062	-99.724747
5964.697266	-100.424774
5986.230469	-100.552597
6007.763672	-100.699242
6029.296875	-100.224579
6050.830078	-99.301575
6072.363281	-99.663574
6093.896484	-99.477203
6115.429688	-97.283943
6136.962891	-77.311310
6158.496094	-70.145981
6180.029297	-74.900749
6201.562500	-96.021942
6223.095703	-99.158493
6244.628906	-100.186882
6266.162109	-99.898155
6287.695312	-99.898079
6309.228516	-100.123749
6330.761719	-100.431343
6352.294922	-99.967957
6373.828125	-98.393181
6395.361328	-98.690498
6416.894531	-99.926086
6438.427734	-99.209503
6459.960938	-98.603149
6481.494141	-99.119415
6503.027344	-97.626442
6524.560547	-97.344490
6546.093750	-95.790627
6567.626953	-85.001312
6589.160156	-70.945709
6610.693359	-70.592216
6632.226562	-83.503052
6653.759766	-96.996101
6675.292969	-98.940712
6696.826172	-99.369240
6718.359375	-100.102310
6739.892578	-100.219673
6761.425781	-99.738960
6782.958984	-99.570984
6804.492188	-98.091980
6826.025391	-96.787453
6847.558594	-99.795097
6869.091797	-100.636559
6890.625000	-100.238564
6912.158203	-99.844177
6933.691406	-99.058548
6955.224609	-98.685486
6976.757812	-98.616257
6998.291016	-96.891273
7019.824219	-82.662682
7041.357422	-77.541084
7062.890625	-83.738441
7084.423828	-97.396858
7105.957031	-99.742798
7127.490234	-100.114426
7149.023438	-100.215126
7170.556641	-100.557693
7192.089844	-100.580086
7213.623047	-100.663513
7235.156250	-100.462440
7256.689453	-99.411140
7278.222656	-99.921425
7299.755859	-100.624504
7321.289062	-100.932571
7342.822266	-100.691788
7364.355469	-100.347939
7385.888672	-100.351303
7407.421875	-100.061897
7428.955078	-99.579285
7450.488281	-90.708405
7472.021484	-80.029015
7493.554688	-81.254570
7515.087891	-94.133682
7536.621094	-98.910095
7558.154297	-99.895584
7579.687500	-100.097794
7601.220703	-100.554977
7622.753906	-100.649025
7644.287109	-100.388901
7665.820312	-100.616280
7687.353516	-98.698235
7708.886719	-98.033775
7730.419922	-100.224747
7751.953125	-100.526390
7773.486328	-100.492348
7795.019531	-100.376259
7816.552734	-100.281967
7838.085938	-100.366028
7859.619141	-100.411545
7881.152344	-99.239494
7902.685547	-86.088890
7924.218750	-82.253189
7945.751953	-89.751625
7967.285156	-100.034554
7988.818359	-100.783058
8010.351562	-100.566582
8031.884766	-100.588379
8053.417969	-100.640282
8074.951172	-100.564575
8096.484375	-100.378799
8118.017578	-100.338539
8139.550781	-99.554352
8161.083984	-100.042496
8182.617188	-100.391472
8204.150391	-100.457588
8225.683594	-100.074463
8247.216797	-100.296944
8268.750000	-100.229355
8290.283203	-100.107925
8311.816406	-99.283241
8333.349609	-90.505859
8354.882812	-81.277817
8376.416016	-83.808075
8397.949219	-97.419235
8419.482422	-99.713188
8441.015625	-100.178406
8462.548828	-99.959946
8484.082031	-100.238228
8505.615234	-100.246025
8527.148438	-100.500992
8548.681641	-100.360870
8570.214844	-98.650345
8591.748047	-98.562141
8613.281250	-100.565315
8634.814453	-100.919403
8656.347656	-100.724556
8677.880859	-100.078056
8699.414062	-100.001488
8720.947266	-100.117531
8742.480469	-99.753403
8764.013672	-96.855064
8785.546875	-84.326981
8807.080078	-82.215134
8828.613281	-91.189034
8850.146484	-98.665657
8871.679688	-100.002937
8893.212891	-100.027985
8914.746094	-100.057472
8936.279297	-100.457794
8957.812500	-100.360153
8979.345703	-100.167770
9000.878906	-99.727089
9022.412109	-98.991211
9043.945312	-99.967499
9065.478516	-100.518578
9087.011719	-100.765633
9108.544922	-100.564240
9130.078125	-100.583862
9151.611328	-100.436638
9173.144531	-100.181992
9194.677734	-99.634323
9216.210938	-83.066269
9237.744141	-75.463493
9259.277344	-79.781105
9280.810547	-98.522041
9302.343750	-99.863953
9323.876953	-100.053696
9345.410156	-100.125252
9366.943359	-100.086731
9388.476562	-100.199120
9410.009766	-100.354462
9431.542969	-100.061844
9453.076172	-98.720169
9474.609375	-99.226669
9496.142578	-100.356369
9517.675781	-100.528824
9539.208984	-100.635994
9560.742188	-100.578644
9582.275391	-100.586555
9603.808594	-100.739540
9625.341797	-100.280495
9646.875000	-95.212517
9668.408203	-82.353645
9689.941406	-81.659843
9711.474609	-92.960869
9733.007812	-99.412003
9754.541016	-100.219254
9776.074219	-100.007515
9797.607422	-99.624672
9819.140625	-100.218567
9840.673828	-100.405128
9862.207031	-100.175438
9883.740234	-97.587814
9905.273438	-95.922348
9926.806641	-99.144363
9948.339844	-100.199989
9969.873047	-100.320099
9991.406250	-100.174469
10012.939453	-99.831284
10034.472656	-99.912033
10056.005859	-99.752777
10077.539062	-99.268913
10099.072266	-85.360832
10120.605469	-79.615761
10142.138672	-85.489525
10163.671875	-99.534088
10185.205078	-100.405319
10206.738281	-100.493225
10228.271484	-100.510391
10249.804688	-100.614883
10271.337891	-100.533562
10292.871094	-100.509712
10314.404297	-100.174606
10335.937500	-99.142906
10357.470703	-99.867584
10379.003906	-100.846565
10400.537109	-101.343987
10422.070312	-101.041298
10443.603516	-100.929085
10465.136719	-100.819893
10486.669922	-100.991608
10508.203125	-100.831505
10529.736328	-97.227898
10551.269531	-87.196365
10572.802734	-87.519928
10594.335938	-97.423599
10615.869141	-100.181808
10637.402344	-100.720772
10658.935547	-100.066437
10680.468750	-100.023178
10702.001953	-100.881889
10723.535156	-100.755157
10745.068359	-100.387505
10766.601562	-97.968597
10788.134766	-97.150909
10809.667969	-100.279007
10831.201172	-100.744507
10852.734375	-100.781006
10874.267578	-100.333832
10895.800781	-100.107994
10917.333984	-100.368797
10938.867188	-99.834770
10960.400391	-98.822807
10981.933594	-87.132256
11003.466797	-82.816292
11025.000000	-89.530907
11046.533203	-99.688148
11068.066406	-100.409790
11089.599609	-100.550789
11111.132812	-100.420555
11132.666016	-100.976135
11154.199219	-101.010338
11175.732422	-100.691765
11197.265625	-100.158577
11218.798828	-98.544441
11240.332031	-99.394348
11261.865234	-100.083992
11283.398438	-100.205666
11304.931641	-100.169319
11326.464844	-99.736076
11347.998047	-99.415154
11369.531250	-98.974922
11391.064453	-98.726540
11412.597656	-90.997871
11434.130859	-81.719810
11455.664062	-83.726234
11477.197266	-95.001358
11498.730469	-98.005836
11520.263672	-98.981293
11541.796875	-98.702126
11563.330078	-98.950119
11584.863281	-99.400635
11606.396484	-99.934814
11627.929688	-99.860451
11649.462891	-99.009529
11670.996094	-98.878128
11692.529297	-100.444778
11714.062500	-100.654320
11735.595703	-100.767380
11757.128906	-100.649628
11778.662109	-100.396912
11800.195312	-99.964920
11821.728516	-99.401321
11843.261719	-95.799515
11864.794922	-78.426056
11886.328125	-75.486916
11907.861328	-84.613884
11929.394531	-97.472916
11950.927734	-98.444458
11972.460938	-98.828339
11993.994141	-98.661865
12015.527344	-98.555397
12037.060547	-98.685799
12058.593750	-98.709373
12080.126953	-98.345139
12101.660156	-97.800446
12123.193359	-99.003098
12144.726562	-99.623215
12166.259766	-99.792992
12187.792969	-99.809387
12209.326172	-99.774399
12230.859375	-99.974480
12252.392578	-100.079071
12273.925781	-100.177658
12295.458984	-98.405052
12316.992188	-94.392365
12338.525391	-96.821358
12360.058594	-99.956062
12381.591797	-100.082726
12403.125000	-100.159935
12424.658203	-100.247246
12446.191406	-100.178864
12467.724609	-100.101120
12489.257812	-100.128426
12510.791016	-100.293182
12532.324219	-99.963135
12553.857422	-99.972244
12575.390625	-100.393898
12596.923828	-100.410896
12618.457031	-100.378601
12639.990234	-100.478279
12661.523438	-100.632225
12683.056641	-100.713821
12704.589844	-100.492996
12726.123047	-97.143120
12747.656250	-83.721352
12769.189453	-82.442635
12790.722656	-93.129326
12812.255859	-100.340057
12833.789062	-100.844521
12855.322266	-100.689873
12876.855469	-100.789543
12898.388672	-100.908043
12919.921875	-100.957603
12941.455078	-101.123703
12962.988281	-100.627785
12984.521484	-100.094963
13006.054688	-100.754997
13027.587891	-100.890808
13049.121094	-100.951599
13070.654297	-101.055115
13092.187500	-101.053055
13113.720703	-100.996208
13135.253906	-100.959396
13156.787109	-100.743782
13178.320312	-94.937347
13199.853516	-89.153839
13221.386719	-93.451370
13242.919922	-100.752617
13264.453125	-101.149948
13285.986328	-101.256752
13307.519531	-101.131195
13329.052734	-101.011971
13350.585938	-100.971642
13372.119141	-101.023735
13393.652344	-101.009544
13415.185547	-100.262939
13436.718750	-100.639420
13458.251953	-100.878357
13479.785156	-100.965828
13501.318359	-101.116180
13522.851562	-100.948112
13544.384766	-100.890831
13565.917969	-101.114975
13587.451172	-100.900879
13608.984375	-99.492516
13630.517578	-92.397774
13652.050781	-92.476997
13673.583984	-99.921921
13695.117188	-100.775673
13716.650391	-100.819206
13738.183594	-100.785805
13759.716797	-100.902061
13781.250000	-101.222046
13802.783203	-101.127815
13824.316406	-101.084190
13845.849609	-100.063530
13867.382812	-99.258804
13888.916016	-100.636475
13910.449219	-100.982964
13931.982422	-101.211990
13953.515625	-100.872444
13975.048828	-100.524361
13996.582031	-101.021614
14018.115234	-101.232903
14039.648438	-100.879875
14061.181641	-95.935219
14082.714844	-91.836319
14104.248047	-96.254318
14125.781250	-100.755325
14147.314453	-101.156631
14168.847656	-100.984306
14190.380859	-101.079445
14211.914062	-101.268188
14233.447266	-101.106819
14254.980469	-101.109367
14276.513672	-101.205498
14298.046875	-101.050880
14319.580078	-100.939224
14341.113281	-101.091789
14362.646484	-101.292648
14384.179688	-101.234818
14405.712891	-101.329178
14427.246094	-101.230820
14448.779297	-100.966232
14470.312500	-101.200317
14491.845703	-97.841087
14513.378906	-89.842079
14534.912109	-91.317566
14556.445312	-100.144241
14577.978516	-101.153252
14599.511719	-101.017998
14621.044922	-100.816826
14642.578125	-100.804245
14664.111328	-101.077751
14685.644531	-101.375473
14707.177734	-101.519394
14728.710938	-100.843727
14750.244141	-100.631111
14771.777344	-101.182053
14793.310547	-101.270134
14814.843750	-101.319969
14836.376953	-101.487534
14857.910156	-101.399307
14879.443359	-101.351074
14900.976562	-101.271202
14922.509766	-100.940659
14944.042969	-98.028938
14965.576172	-95.967285
14987.109375	-99.498627
15008.642578	-101.119377
15030.175781	-101.195152
15051.708984	-101.209641
15073.242188	-101.001114
15094.775391	-101.123528
15116.308594	-101.399109
15137.841797	-101.154694
15159.375000	-100.787041
15180.908203	-99.911804
15202.441406	-100.775414
15223.974609	-101.008797
15245.507812	-101.311089
15267.041016	-101.351601
15288.574219	-101.131821
15310.107422	-101.384331
15331.640625	-101.437302
15353.173828	-101.471779
15374.707031	-99.603333
15396.240234	-94.243805
15417.773438	-96.287796
15439.306641	-101.028931
15460.839844	-101.195869
15482.373047	-101.377716
15503.906250	-101.257957
15525.439453	-101.159210
15546.972656	-101.415070
15568.505859	-101.173813
15590.039062	-100.969757
15611.572266	-100.978668
15633.105469	-101.154388
15654.638672	-101.038994
15676.171875	-101.053780
15697.705078	-101.221268
15719.238281	-101.150566
15740.771484	-101.116966
15762.304688	-101.244507
15783.837891	-101.191772
15805.371094	-100.667274
15826.904297	-96.696899
15848.437500	-95.534431
15869.970703	-99.678360
15891.503906	-100.699104
15913.037109	-100.940346
15934.570312	-101.211113
15956.103516	-101.058182
15977.636719	-100.839882
15999.169922	-100.989761
16020.703125	-100.986954
16042.236328	-100.568146
16063.769531	-99.983841
16085.302734	-100.954315
16106.835938	-101.079285
16128.369141	-101.143326
16149.902344	-101.196312
16171.435547	-101.067101
16192.968750	-101.053444
16214.501953	-101.238419
16236.035156	-100.712151
16257.568359	-97.874123
16279.101562	-93.305145
16300.634766	-96.095116
16322.167969	-100.527718
16343.701172	-101.119072
16365.234375	-101.315750
16386.767578	-101.077393
16408.300781	-101.169151
16429.833984	-101.216736
16451.367188	-101.063126
16472.900391	-100.898224
16494.433594	-99.868439
16515.966797	-100.344528
16537.500000	-101.240135
16559.033203	-101.354813
16580.566406	-101.266342
16602.099609	-100.842575
16623.632812	-100.781197
16645.166016	-101.256416
16666.699219	-101.126678
16688.232422	-99.982155
16709.765625	-93.892708
16731.298828	-93.507576
16752.832031	-99.440483
16774.365234	-101.034012
16795.898438	-101.267891
16817.431641	-101.118874
16838.964844	-101.311783
16860.498047	-101.397285
16882.031250	-101.434898
16903.564453	-101.318260
16925.097656	-101.017517
16946.630859	-100.599594
16968.164062	-101.268806
16989.697266	-101.383896
17011.230469	-101.535324
17032.763672	-101.338249
17054.296875	-101.317947
17075.830078	-101.409492
17097.363281	-101.422150
17118.896484	-101.075394
17140.429688	-99.357361
17161.962891	-96.949516
17183.496094	-99.504486
17205.029297	-101.197876
17226.562500	-101.416405
17248.095703	-101.711311
17269.628906	-101.603188
17291.162109	-101.521790
17312.695312	-101.296173
17334.228516	-101.337868
17355.761719	-101.387215
17377.294922	-100.909523
17398.828125	-100.996887
17420.361328	-101.478134
17441.894531	-101.314903
17463.427734	-101.384987
17484.960938	-101.464973
17506.494141	-101.267967
17528.027344	-101.469482
17549.560547	-101.502777
17571.093750	-101.285751
17592.626953	-99.339439
17614.160156	-99.797821
17635.693359	-101.166908
17657.226562	-101.089691
17678.759766	-101.427422
17700.292969	-101.365990
17721.826172	-101.457748
17743.359375	-101.686989
17764.892578	-101.615570
17786.425781	-101.469017
17807.958984	-101.340164
17829.492188	-101.426086
17851.025391	-101.518806
17872.558594	-101.361626
17894.091797	-101.439995
17915.625000	-101.495247
17937.158203	-101.555061
17958.691406	-101.634796
17980.224609	-101.604172
18001.757812	-101.504715
18023.291016	-96.514351
18044.824219	-93.504791
18066.357422	-98.679848
18087.890625	-101.217941
18109.423828	-101.340904
18130.957031	-101.292122
18152.490234	-101.540833
18174.023438	-101.540138
18195.556641	-101.366089
18217.089844	-101.540329
18238.623047	-101.641113
18260.156250	-101.267937
18281.689453	-101.291267
18303.222656	-101.517021
18324.755859	-101.623993
18346.289062	-101.754150
18367.822266	-101.639053
18389.355469	-101.601555
18410.888672	-101.428146
18432.421875	-101.455170
18453.955078	-101.433693
18475.488281	-100.809418
18497.021484	-101.181686
18518.554688	-101.542961
18540.087891	-101.289604
18561.621094	-101.552940
18583.154297	-101.669044
18604.687500	-101.713783
18626.220703	-101.543037
18647.753906	-101.562027
18669.287109	-101.621582
18690.820312	-101.532372
18712.353516	-101.726646
18733.886719	-101.727524
18755.419922	-101.632698
18776.953125	-101.631699
18798.486328	-101.745308
18820.019531	-101.777283
18841.552734	-101.865166
18863.085938	-101.802795
18884.619141	-101.742973
18906.152344	-101.014771
18927.685547	-100.557365
18949.218750	-101.509514
18970.751953	-101.885468
18992.285156	-101.844063
19013.818359	-101.632050
19035.351562	-101.702202
19056.884766	-102.035667
19078.417969	-101.920029
19099.951172	-101.752296
19121.484375	-101.724953
19143.017578	-101.600952
19164.550781	-101.700516
19186.083984	-101.790199
19207.617188	-101.822701
19229.150391	-102.010986
19250.683594	-102.027596
19272.216797	-101.953217
19293.750000	-101.670670
19315.283203	-101.700333
19336.816406	-101.711426
19358.349609	-100.510918
19379.882812	-101.250053
19401.416016	-101.912483
19422.949219	-101.915627
19444.482422	-101.750816
19466.015625	-101.940521
19487.548828	-101.908897
19509.082031	-102.225845
19530.615234	-102.121651
19552.148438	-102.249985
19573.681641	-102.206108
19595.214844	-102.091057
19616.748047	-102.056206
19638.281250	-102.162956
19659.814453	-102.215408
19681.347656	-102.042786
19702.880859	-102.119400
19724.414062	-102.419189
19745.947266	-102.415970
19767.480469	-102.393898
19789.013672	-101.781204
19810.546875	-101.604485
19832.080078	-101.963440
19853.613281	-102.311401
19875.146484	-102.398506
19896.679688	-102.211182
19918.212891	-102.275246
19939.746094	-102.368607
19961.279297	-99.699272
19982.812500	-96.057869
20004.345703	-99.950966
20025.878906	-102.384102
20047.412109	-102.412239
20068.945312	-102.475410
20090.478516	-102.682350
20112.011719	-102.570976
20133.544922	-102.640915
20155.078125	-102.831680
20176.611328	-102.779076
20198.144531	-102.884102
20219.677734	-101.023529
20241.210938	-97.593460
20262.744141	-100.535934
20284.277344	-102.731964
20305.810547	-102.503143
20327.343750	-102.819672
20348.876953	-102.890312
20370.410156	-102.887169
20391.943359	-103.110474
20413.476562	-103.122620
20435.009766	-103.073166
20456.542969	-103.002136
20478.076172	-102.976265
20499.609375	-103.038002
20521.142578	-103.363457
20542.675781	-103.263092
20564.208984	-103.121490
20585.742188	-103.118759
20607.275391	-103.053284
20628.808594	-103.108910
20650.341797	-102.901001
20671.875000	-101.949448
20693.408203	-102.508743
20714.941406	-103.292236
20736.474609	-103.101974
20758.007812	-103.133743
20779.541016	-103.537010
20801.074219	-103.665001
20822.607422	-103.698166
20844.140625	-103.732819
20865.673828	-103.899834
20887.207031	-103.810326
20908.740234	-103.622581
20930.273438	-103.731903
20951.806641	-103.975044
20973.339844	-103.806618
20994.873047	-103.744102
21016.406250	-103.836502
21037.939453	-103.943748
21059.472656	-103.932693
21081.005859	-103.953674
21102.539062	-103.110832
21124.072266	-101.903915
21145.605469	-103.685143
21167.138672	-103.801491
21188.671875	-103.324745
21210.205078	-103.702011
21231.738281	-104.320328
21253.271484	-104.542290
21274.804688	-104.444077
21296.337891	-104.577789
21317.871094	-104.479370
21339.404297	-104.460770
21360.937500	-104.420639
21382.470703	-104.201073
21404.003906	-104.357262
21425.537109	-104.346268
21447.070312	-104.468102
21468.603516	-104.575226
21490.136719	-104.591736
21511.669922	-104.608002
21533.203125	-104.499550
21554.736328	-104.161644
21576.269531	-104.482918
21597.802734	-104.537048
21619.335938	-104.605850
21640.869141	-104.810432
21662.402344	-104.989685
21683.935547	-105.055977
21705.468750	-104.794868
21727.001953	-104.800552
21748.535156	-105.194771
21770.068359	-104.991081
21791.601562	-104.768517
21813.134766	-104.997177
21834.667969	-105.010498
21856.201172	-104.821983
21877.734375	-104.922813
21899.267578	-105.071434
21920.800781	-105.034660
21942.333984	-104.981628
21963.867188	-104.952202
21985.400391	-104.683449
22006.933594	-104.238869
22028.466797	-104.805855
